0 0 0 0 0 0 0 0 0
0 0 0 0 0 0 0 1 89
0 0 0 0 0 0 1 0 90
0 0 0 0 0 0 1 1 168
0 0 0 0 0 1 0 0 89
0 0 0 0 0 1 0 1 176
0 0 0 0 0 1 1 0 176
0 0 0 0 0 1 1 1 175
0 0 0 0 1 0 0 0 90
0 0 0 0 1 0 0 1 176
0 0 0 0 1 0 1 0 179
0 0 0 0 1 0 1 1 178
0 0 0 0 1 1 0 0 177
0 0 0 0 1 1 0 1 188
0 0 0 0 1 1 1 0 189
0 0 0 0 1 1 1 1 168
0 0 0 1 0 0 0 0 89
0 0 0 1 0 0 0 1 177
0 0 0 1 0 0 1 0 177
0 0 0 1 0 0 1 1 188
0 0 0 1 0 1 0 0 176
0 0 0 1 0 1 0 1 196
0 0 0 1 0 1 1 0 189
0 0 0 1 0 1 1 1 178
0 0 0 1 1 0 0 0 176
0 0 0 1 1 0 0 1 181
0 0 0 1 1 0 1 0 190
0 0 0 1 1 0 1 1 189
0 0 0 1 1 1 0 0 189
0 0 0 1 1 1 0 1 188
0 0 0 1 1 1 1 0 188
0 0 0 1 1 1 1 1 157
0 0 1 0 0 0 0 0 90
0 0 1 0 0 0 0 1 177
0 0 1 0 0 0 1 0 180
0 0 1 0 0 0 1 1 189
0 0 1 0 0 1 0 0 177
0 0 1 0 0 1 0 1 198
0 0 1 0 0 1 1 0 198
0 0 1 0 0 1 1 1 181
0 0 1 0 1 0 0 0 179
0 0 1 0 1 0 0 1 199
0 0 1 0 1 0 1 0 197
0 0 1 0 1 0 1 1 180
0 0 1 0 1 1 0 0 189
0 0 1 0 1 1 0 1 188
0 0 1 0 1 1 1 0 188
0 0 1 0 1 1 1 1 157
0 0 1 1 0 0 0 0 177
0 0 1 1 0 0 0 1 189
0 0 1 1 0 0 1 0 188
0 0 1 1 0 0 1 1 189
0 0 1 1 0 1 0 0 187
0 0 1 1 0 1 0 1 202
0 0 1 1 0 1 1 0 202
0 0 1 1 0 1 1 1 157
0 0 1 1 1 0 0 0 189
0 0 1 1 1 0 0 1 202
0 0 1 1 1 0 1 0 202
0 0 1 1 1 0 1 1 157
0 0 1 1 1 1 0 0 186
0 0 1 1 1 1 0 1 157
0 0 1 1 1 1 1 0 157
0 0 1 1 1 1 1 1 105
0 1 0 0 0 0 0 0 89
0 1 0 0 0 0 0 1 177
0 1 0 0 0 0 1 0 177
0 1 0 0 0 0 1 1 182
0 1 0 0 0 1 0 0 177
0 1 0 0 0 1 0 1 185
0 1 0 0 0 1 1 0 187
0 1 0 0 0 1 1 1 189
0 1 0 0 1 0 0 0 177
0 1 0 0 1 0 0 1 181
0 1 0 0 1 0 1 0 190
0 1 0 0 1 0 1 1 190
0 1 0 0 1 1 0 0 184
0 1 0 0 1 1 0 1 202
0 1 0 0 1 1 1 0 202
0 1 0 0 1 1 1 1 158
0 1 0 1 0 0 0 0 174
0 1 0 1 0 0 0 1 184
0 1 0 1 0 0 1 0 189
0 1 0 1 0 0 1 1 202
0 1 0 1 0 1 0 0 200
0 1 0 1 0 1 0 1 211
0 1 0 1 0 1 1 0 209
0 1 0 1 0 1 1 1 159
0 1 0 1 1 0 0 0 198
0 1 0 1 1 0 0 1 209
0 1 0 1 1 0 1 0 209
0 1 0 1 1 0 1 1 158
0 1 0 1 1 1 0 0 202
0 1 0 1 1 1 0 1 159
0 1 0 1 1 1 1 0 158
0 1 0 1 1 1 1 1 106
0 1 1 0 0 0 0 0 176
0 1 1 0 0 0 0 1 185
0 1 1 0 0 0 1 0 185
0 1 1 0 0 0 1 1 196
0 1 1 0 0 1 0 0 198
0 1 1 0 0 1 0 1 209
0 1 1 0 0 1 1 0 209
0 1 1 0 0 1 1 1 157
0 1 1 0 1 0 0 0 196
0 1 1 0 1 0 0 1 209
0 1 1 0 1 0 1 0 209
0 1 1 0 1 0 1 1 157
0 1 1 0 1 1 0 0 200
0 1 1 0 1 1 0 1 157
0 1 1 0 1 1 1 0 157
0 1 1 0 1 1 1 1 105
0 1 1 1 0 0 0 0 189
0 1 1 1 0 0 0 1 202
0 1 1 1 0 0 1 0 202
0 1 1 1 0 0 1 1 158
0 1 1 1 0 1 0 0 191
0 1 1 1 0 1 0 1 159
0 1 1 1 0 1 1 0 158
0 1 1 1 0 1 1 1 106
0 1 1 1 1 0 0 0 191
0 1 1 1 1 0 0 1 157
0 1 1 1 1 0 1 0 157
0 1 1 1 1 0 1 1 105
0 1 1 1 1 1 0 0 157
0 1 1 1 1 1 0 1 106
0 1 1 1 1 1 1 0 105
0 1 1 1 1 1 1 1 53
1 0 0 0 0 0 0 0 90
1 0 0 0 0 0 0 1 177
1 0 0 0 0 0 1 0 180
1 0 0 0 0 0 1 1 184
1 0 0 0 0 1 0 0 178
1 0 0 0 0 1 0 1 185
1 0 0 0 0 1 1 0 179
1 0 0 0 0 1 1 1 181
1 0 0 0 1 0 0 0 180
1 0 0 0 1 0 0 1 182
1 0 0 0 1 0 1 0 191
1 0 0 0 1 0 1 1 191
1 0 0 0 1 1 0 0 184
1 0 0 0 1 1 0 1 189
1 0 0 0 1 1 1 0 202
1 0 0 0 1 1 1 1 157
1 0 0 1 0 0 0 0 177
1 0 0 1 0 0 0 1 185
1 0 0 1 0 0 1 0 191
1 0 0 1 0 0 1 1 202
1 0 0 1 0 1 0 0 197
1 0 0 1 0 1 0 1 209
1 0 0 1 0 1 1 0 209
1 0 0 1 0 1 1 1 157
1 0 0 1 1 0 0 0 200
1 0 0 1 1 0 0 1 209
1 0 0 1 1 0 1 0 209
1 0 0 1 1 0 1 1 157
1 0 0 1 1 1 0 0 202
1 0 0 1 1 1 0 1 157
1 0 0 1 1 1 1 0 157
1 0 0 1 1 1 1 1 105
1 0 1 0 0 0 0 0 179
1 0 1 0 0 0 0 1 187
1 0 1 0 0 0 1 0 187
1 0 1 0 0 0 1 1 202
1 0 1 0 0 1 0 0 198
1 0 1 0 0 1 0 1 209
1 0 1 0 0 1 1 0 209
1 0 1 0 0 1 1 1 157
1 0 1 0 1 0 0 0 200
1 0 1 0 1 0 0 1 209
1 0 1 0 1 0 1 0 209
1 0 1 0 1 0 1 1 157
1 0 1 0 1 1 0 0 202
1 0 1 0 1 1 0 1 157
1 0 1 0 1 1 1 0 157
1 0 1 0 1 1 1 1 105
1 0 1 1 0 0 0 0 189
1 0 1 1 0 0 0 1 202
1 0 1 1 0 0 1 0 202
1 0 1 1 0 0 1 1 157
1 0 1 1 0 1 0 0 191
1 0 1 1 0 1 0 1 157
1 0 1 1 0 1 1 0 157
1 0 1 1 0 1 1 1 105
1 0 1 1 1 0 0 0 191
1 0 1 1 1 0 0 1 157
1 0 1 1 1 0 1 0 157
1 0 1 1 1 0 1 1 105
1 0 1 1 1 1 0 0 157
1 0 1 1 1 1 0 1 105
1 0 1 1 1 1 1 0 105
1 0 1 1 1 1 1 1 52
1 1 0 0 0 0 0 0 169
1 1 0 0 0 0 0 1 179
1 1 0 0 0 0 1 0 180
1 1 0 0 0 0 1 1 187
1 1 0 0 0 1 0 0 183
1 1 0 0 0 1 0 1 199
1 1 0 0 0 1 1 0 195
1 1 0 0 0 1 1 1 158
1 1 0 0 1 0 0 0 180
1 1 0 0 1 0 0 1 199
1 1 0 0 1 0 1 0 196
1 1 0 0 1 0 1 1 157
1 1 0 0 1 1 0 0 189
1 1 0 0 1 1 0 1 158
1 1 0 0 1 1 1 0 157
1 1 0 0 1 1 1 1 105
1 1 0 1 0 0 0 0 176
1 1 0 1 0 0 0 1 188
1 1 0 1 0 0 1 0 188
1 1 0 1 0 0 1 1 158
1 1 0 1 0 1 0 0 188
1 1 0 1 0 1 0 1 159
1 1 0 1 0 1 1 0 158
1 1 0 1 0 1 1 1 106
1 1 0 1 1 0 0 0 189
1 1 0 1 1 0 0 1 157
1 1 0 1 1 0 1 0 157
1 1 0 1 1 0 1 1 105
1 1 0 1 1 1 0 0 158
1 1 0 1 1 1 0 1 106
1 1 0 1 1 1 1 0 105
1 1 0 1 1 1 1 1 53
1 1 1 0 0 0 0 0 178
1 1 1 0 0 0 0 1 191
1 1 1 0 0 0 1 0 191
1 1 1 0 0 0 1 1 157
1 1 1 0 0 1 0 0 178
1 1 1 0 0 1 0 1 157
1 1 1 0 0 1 1 0 157
1 1 1 0 0 1 1 1 105
1 1 1 0 1 0 0 0 190
1 1 1 0 1 0 0 1 157
1 1 1 0 1 0 1 0 157
1 1 1 0 1 0 1 1 105
1 1 1 0 1 1 0 0 157
1 1 1 0 1 1 0 1 105
1 1 1 0 1 1 1 0 105
1 1 1 0 1 1 1 1 52
1 1 1 1 0 0 0 0 169
1 1 1 1 0 0 0 1 157
1 1 1 1 0 0 1 0 157
1 1 1 1 0 0 1 1 105
1 1 1 1 0 1 0 0 157
1 1 1 1 0 1 0 1 106
1 1 1 1 0 1 1 0 105
1 1 1 1 0 1 1 1 53
1 1 1 1 1 0 0 0 156
1 1 1 1 1 0 0 1 104
1 1 1 1 1 0 1 0 104
1 1 1 1 1 0 1 1 52
1 1 1 1 1 1 0 0 105
1 1 1 1 1 1 0 1 53
1 1 1 1 1 1 1 0 52
1 1 1 1 1 1 1 1 0
