0 0 0 0 0 0 0 0 0
0 0 0 0 0 0 0 1 58
0 0 0 0 0 0 1 0 59
0 0 0 0 0 0 1 1 116
0 0 0 0 0 1 0 0 58
0 0 0 0 0 1 0 1 116
0 0 0 0 0 1 1 0 116
0 0 0 0 0 1 1 1 167
0 0 0 0 1 0 0 0 59
0 0 0 0 1 0 0 1 116
0 0 0 0 1 0 1 0 117
0 0 0 0 1 0 1 1 173
0 0 0 0 1 1 0 0 117
0 0 0 0 1 1 0 1 174
0 0 0 0 1 1 1 0 174
0 0 0 0 1 1 1 1 210
0 0 0 1 0 0 0 0 58
0 0 0 1 0 0 0 1 116
0 0 0 1 0 0 1 0 116
0 0 0 1 0 0 1 1 173
0 0 0 1 0 1 0 0 116
0 0 0 1 0 1 0 1 174
0 0 0 1 0 1 1 0 174
0 0 0 1 0 1 1 1 224
0 0 0 1 1 0 0 0 116
0 0 0 1 1 0 0 1 174
0 0 0 1 1 0 1 0 174
0 0 0 1 1 0 1 1 224
0 0 0 1 1 1 0 0 162
0 0 0 1 1 1 0 1 224
0 0 0 1 1 1 1 0 224
0 0 0 1 1 1 1 1 215
0 0 1 0 0 0 0 0 59
0 0 1 0 0 0 0 1 116
0 0 1 0 0 0 1 0 117
0 0 1 0 0 0 1 1 173
0 0 1 0 0 1 0 0 116
0 0 1 0 0 1 0 1 174
0 0 1 0 0 1 1 0 174
0 0 1 0 0 1 1 1 231
0 0 1 0 1 0 0 0 117
0 0 1 0 1 0 0 1 174
0 0 1 0 1 0 1 0 174
0 0 1 0 1 0 1 1 231
0 0 1 0 1 1 0 0 162
0 0 1 0 1 1 0 1 231
0 0 1 0 1 1 1 0 231
0 0 1 0 1 1 1 1 213
0 0 1 1 0 0 0 0 117
0 0 1 1 0 0 0 1 174
0 0 1 1 0 0 1 0 174
0 0 1 1 0 0 1 1 230
0 0 1 1 0 1 0 0 174
0 0 1 1 0 1 0 1 231
0 0 1 1 0 1 1 0 231
0 0 1 1 0 1 1 1 227
0 0 1 1 1 0 0 0 174
0 0 1 1 1 0 0 1 215
0 0 1 1 1 0 1 0 213
0 0 1 1 1 0 1 1 225
0 0 1 1 1 1 0 0 214
0 0 1 1 1 1 0 1 215
0 0 1 1 1 1 1 0 213
0 0 1 1 1 1 1 1 210
0 1 0 0 0 0 0 0 58
0 1 0 0 0 0 0 1 116
0 1 0 0 0 0 1 0 116
0 1 0 0 0 0 1 1 174
0 1 0 0 0 1 0 0 116
0 1 0 0 0 1 0 1 162
0 1 0 0 0 1 1 0 159
0 1 0 0 0 1 1 1 215
0 1 0 0 1 0 0 0 116
0 1 0 0 1 0 0 1 159
0 1 0 0 1 0 1 0 159
0 1 0 0 1 0 1 1 213
0 1 0 0 1 1 0 0 167
0 1 0 0 1 1 0 1 215
0 1 0 0 1 1 1 0 215
0 1 0 0 1 1 1 1 215
0 1 0 1 0 0 0 0 116
0 1 0 1 0 0 0 1 162
0 1 0 1 0 0 1 0 159
0 1 0 1 0 0 1 1 213
0 1 0 1 0 1 0 0 174
0 1 0 1 0 1 0 1 224
0 1 0 1 0 1 1 0 227
0 1 0 1 0 1 1 1 227
0 1 0 1 1 0 0 0 174
0 1 0 1 1 0 0 1 224
0 1 0 1 1 0 1 0 227
0 1 0 1 1 0 1 1 231
0 1 0 1 1 1 0 0 214
0 1 0 1 1 1 0 1 241
0 1 0 1 1 1 1 0 244
0 1 0 1 1 1 1 1 231
0 1 1 0 0 0 0 0 116
0 1 1 0 0 0 0 1 159
0 1 1 0 0 0 1 0 159
0 1 1 0 0 0 1 1 209
0 1 1 0 0 1 0 0 174
0 1 1 0 0 1 0 1 227
0 1 1 0 0 1 1 0 229
0 1 1 0 0 1 1 1 229
0 1 1 0 1 0 0 0 174
0 1 1 0 1 0 0 1 224
0 1 1 0 1 0 1 0 223
0 1 1 0 1 0 1 1 227
0 1 1 0 1 1 0 0 224
0 1 1 0 1 1 0 1 217
0 1 1 0 1 1 1 0 237
0 1 1 0 1 1 1 1 224
0 1 1 1 0 0 0 0 162
0 1 1 1 0 0 0 1 215
0 1 1 1 0 0 1 0 227
0 1 1 1 0 0 1 1 228
0 1 1 1 0 1 0 0 224
0 1 1 1 0 1 0 1 241
0 1 1 1 0 1 1 0 241
0 1 1 1 0 1 1 1 231
0 1 1 1 1 0 0 0 224
0 1 1 1 1 0 0 1 239
0 1 1 1 1 0 1 0 239
0 1 1 1 1 0 1 1 231
0 1 1 1 1 1 0 0 216
0 1 1 1 1 1 0 1 217
0 1 1 1 1 1 1 0 215
0 1 1 1 1 1 1 1 135
1 0 0 0 0 0 0 0 59
1 0 0 0 0 0 0 1 116
1 0 0 0 0 0 1 0 117
1 0 0 0 0 0 1 1 173
1 0 0 0 0 1 0 0 116
1 0 0 0 0 1 0 1 174
1 0 0 0 0 1 1 0 174
1 0 0 0 0 1 1 1 213
1 0 0 0 1 0 0 0 117
1 0 0 0 1 0 0 1 174
1 0 0 0 1 0 1 0 175
1 0 0 0 1 0 1 1 211
1 0 0 0 1 1 0 0 174
1 0 0 0 1 1 0 1 213
1 0 0 0 1 1 1 0 213
1 0 0 0 1 1 1 1 214
1 0 0 1 0 0 0 0 116
1 0 0 1 0 0 0 1 159
1 0 0 1 0 0 1 0 159
1 0 0 1 0 0 1 1 211
1 0 0 1 0 1 0 0 174
1 0 0 1 0 1 0 1 222
1 0 0 1 0 1 1 0 224
1 0 0 1 0 1 1 1 231
1 0 0 1 1 0 0 0 174
1 0 0 1 1 0 0 1 222
1 0 0 1 1 0 1 0 224
1 0 0 1 1 0 1 1 231
1 0 0 1 1 1 0 0 211
1 0 0 1 1 1 0 1 241
1 0 0 1 1 1 1 0 239
1 0 0 1 1 1 1 1 231
1 0 1 0 0 0 0 0 117
1 0 1 0 0 0 0 1 159
1 0 1 0 0 0 1 0 156
1 0 1 0 0 0 1 1 207
1 0 1 0 0 1 0 0 174
1 0 1 0 0 1 0 1 224
1 0 1 0 0 1 1 0 227
1 0 1 0 0 1 1 1 219
1 0 1 0 1 0 0 0 174
1 0 1 0 1 0 0 1 218
1 0 1 0 1 0 1 0 220
1 0 1 0 1 0 1 1 225
1 0 1 0 1 1 0 0 231
1 0 1 0 1 1 0 1 238
1 0 1 0 1 1 1 0 237
1 0 1 0 1 1 1 1 231
1 0 1 1 0 0 0 0 162
1 0 1 1 0 0 0 1 213
1 0 1 1 0 0 1 0 225
1 0 1 1 0 0 1 1 225
1 0 1 1 0 1 0 0 231
1 0 1 1 0 1 0 1 239
1 0 1 1 0 1 1 0 239
1 0 1 1 0 1 1 1 231
1 0 1 1 1 0 0 0 231
1 0 1 1 1 0 0 1 237
1 0 1 1 1 0 1 0 237
1 0 1 1 1 0 1 1 231
1 0 1 1 1 1 0 0 214
1 0 1 1 1 1 0 1 215
1 0 1 1 1 1 1 0 213
1 0 1 1 1 1 1 1 131
1 1 0 0 0 0 0 0 117
1 1 0 0 0 0 0 1 169
1 1 0 0 0 0 1 0 167
1 1 0 0 0 0 1 1 214
1 1 0 0 0 1 0 0 174
1 1 0 0 0 1 0 1 213
1 1 0 0 0 1 1 0 212
1 1 0 0 0 1 1 1 228
1 1 0 0 1 0 0 0 174
1 1 0 0 1 0 0 1 216
1 1 0 0 1 0 1 0 213
1 1 0 0 1 0 1 1 225
1 1 0 0 1 1 0 0 214
1 1 0 0 1 1 0 1 228
1 1 0 0 1 1 1 0 225
1 1 0 0 1 1 1 1 231
1 1 0 1 0 0 0 0 174
1 1 0 1 0 0 0 1 225
1 1 0 1 0 0 1 0 227
1 1 0 1 0 0 1 1 228
1 1 0 1 0 1 0 0 231
1 1 0 1 0 1 0 1 227
1 1 0 1 0 1 1 0 225
1 1 0 1 0 1 1 1 231
1 1 0 1 1 0 0 0 231
1 1 0 1 1 0 0 1 229
1 1 0 1 1 0 1 0 227
1 1 0 1 1 0 1 1 231
1 1 0 1 1 1 0 0 228
1 1 0 1 1 1 0 1 231
1 1 0 1 1 1 1 0 231
1 1 0 1 1 1 1 1 135
1 1 1 0 0 0 0 0 174
1 1 1 0 0 0 0 1 213
1 1 1 0 0 0 1 0 211
1 1 1 0 0 0 1 1 223
1 1 1 0 0 1 0 0 211
1 1 1 0 0 1 0 1 225
1 1 1 0 0 1 1 0 223
1 1 1 0 0 1 1 1 231
1 1 1 0 1 0 0 0 214
1 1 1 0 1 0 0 1 227
1 1 1 0 1 0 1 0 225
1 1 1 0 1 0 1 1 233
1 1 1 0 1 1 0 0 225
1 1 1 0 1 1 0 1 231
1 1 1 0 1 1 1 0 231
1 1 1 0 1 1 1 1 131
1 1 1 1 0 0 0 0 210
1 1 1 1 0 0 0 1 221
1 1 1 1 0 0 1 0 223
1 1 1 1 0 0 1 1 231
1 1 1 1 0 1 0 0 215
1 1 1 1 0 1 0 1 231
1 1 1 1 0 1 1 0 231
1 1 1 1 0 1 1 1 134
1 1 1 1 1 0 0 0 213
1 1 1 1 1 0 0 1 231
1 1 1 1 1 0 1 0 231
1 1 1 1 1 0 1 1 131
1 1 1 1 1 1 0 0 210
1 1 1 1 1 1 0 1 134
1 1 1 1 1 1 1 0 131
1 1 1 1 1 1 1 1 0
